"Date" "Scenario.Name.x" "Real.GDP.growth" "Nominal.GDP.growth" "Real.disposable.income.growth" "Nominal.disposable.income.growth" "Unemployment.rate" "CPI.inflation.rate" "X3.month.Treasury.rate" "X5.year.Treasury.yield" "X10.year.Treasury.yield" "BBB.corporate.yield" "Mortgage.rate" "Prime.rate" "Dow.Jones.Total.Stock.Market.Index..Level." "House.Price.Index..Level." "Commercial.Real.Estate.Price.Index..Level." "Market.Volatility.Index..Level." "Scenario.Name.y" "Euro.area.real.GDP.growth" "Euro.area.inflation" "Euro.area.bilateral.dollar.exchange.rate..USD.euro." "Developing.Asia.real.GDP.growth" "Developing.Asia.inflation" "Developing.Asia.bilateral.dollar.exchange.rate..F.USD..index." "Japan.real.GDP.growth" "Japan.inflation" "Japan.bilateral.dollar.exchange.rate..yen.USD." "U.K..real.GDP.growth" "U.K..inflation" "U.K..bilateral.dollar.exchange.rate..USD.pound."
"1" "2010-01" "Actual" 1.99 3.49 0.46 2.6 9.39 1.28 0.87 3.04 3.95 6.27 4.97 3.7 11431.33 132.21 144.99 26.08 "#VALUE!" 1.93 2.23 1.61 9.73 5.1 86.26 3.72 1.32 89.08 2.88 4.33 1.95
"2" "2010-02" "Actual" 1.7 3.2 0.4 1.8 9.8 0.6 0.1 2.4 3.9 5.8 5 3.3 12032.5 138.7 152.5 27.3 "Actual" 1.7 1.8 1.353 9.8 4.4 89.8 3.5 1 93.4 2.2 4.2 1.519
"3" "2010-03" "Actual" 2.653440825 3.835565423 1.079065148 2.668148383 11.08206548 1.400020245 0.752864124 3.470687076 4.639552061 6.864573981 5.869350951 3.530871751 12634.90684 146.3837756 160.906217 29.02295541 "#VALUE!" 1.788944149 2.252025586 2.003639253 10.88243891 5.388381772 94.96575764 3.938137365 1.348106574 98.81171478 2.827213682 5.204047594 2.40950016
"4" "2010-04" "Actual" 3.740174246 5.961164999 5.917171184 6.224187537 9.738839941 0.207841733 0.928886722 2.235978605 4.060620607 5.861753715 4.728616474 3.548556408 10113.73648 131.8399328 157.3293017 43.67526507 "#VALUE!" 3.800277114 2.120799897 1.820198348 9.410132482 4.004085562 86.68491407 5.101299383 -1.3057827 84.27418676 4.143817127 3.581801906 2.222333384
"5" "2010-05" "Actual" 3.9 5.8 5.3 5.8 9.6 -0.1 0.1 2.3 3.6 5.6 4.9 3.3 10645.8 137.8 165.2 45.8 "Actual" 3.8 2 1.229 9.7 3.4 91 5.1 -1.4 88.5 3.6 3.3 1.495
"6" "2010-06" "Actual" 4.408894156 6.443595939 6.173156319 6.835431171 10.43986136 0.849032634 0.723667095 3.361838639 4.101832421 6.627370727 5.699745281 3.638926314 11178.70858 145.2319827 173.8729551 48.707828 "#VALUE!" 4.28329433 2.189979062 1.526636082 10.49975993 4.23966181 95.92735892 5.919088118 -0.539281878 93.19759928 4.655808672 3.720340844 2.36839361
"7" "2010-07" "Actual" 3.294829751 4.711452453 1.910059742 3.910815351 9.424248734 1.508978463 1.036493982 1.95325544 3.256832392 5.51040023 4.411198543 3.490135066 11223.85016 129.1110109 157.3760737 31.62027883 "#VALUE!" 2.250552631 2.443684857 1.464617261 8.886896583 3.998843943 84.20225147 7.410257978 -1.128904262 80.042009 2.490359616 3.02139093 1.929181776
"8" "2010-08" "Actual" 2.7 4.6 2 3.2 9.5 1.2 0.2 1.6 2.9 5.1 4.4 3.3 11814 135.2 165.4 32.9 "Actual" 1.8 1.6 1.36 8.8 4.2 88.4 7.5 -1.9 83.5 1.9 2.2 1.573
"9" "2010-09" "Actual" 3.09654786 5.477005292 2.146762182 4.010062495 10.71454798 1.785836602 0.564551809 2.024212575 3.510500287 6.049774778 5.327504074 3.546980262 12404.81272 142.8367221 174.1701056 35.31045211 "#VALUE!" 2.831206314 1.810297448 1.955285075 9.287078744 4.581570362 93.19281437 7.962900919 -1.847867358 88.42658693 2.805319554 3.09514208 1.819714015
"10" "2010-10" "Actual" 3.092367518 4.667890411 3.525760068 4.923677183 9.035128771 3.944404826 0.106285728 1.79101849 2.870518156 5.611339788 5.057160405 3.655408179 12475.28418 127.6195426 159.0514835 22.98907879 "#VALUE!" 3.032742624 3.236219774 2.143672356 9.406716424 7.739853195 83.5386584 -2.049969335 2.060811483 77.94771166 0.414467495 4.043205649 1.887478251
"11" "2010-11" "Actual" 2.5 4.7 2.8 5 9.5 3.3 0.1 1.5 3 5 4.4 3.3 13131.5 133.9 167.3 23.5 "Actual" 2.4 2.6 1.327 9.2 7.5 87.4 -2.9 1.3 81.7 0.3 3.9 1.539
"12" "2010-12" "Actual" 2.95965061 5.721054341 3.128642793 5.61034488 10.07565595 3.546032385 0.426216054 1.758579637 4.140279245 6.08377062 5.380778199 3.961564896 13788.78565 141.3609758 176.6513786 24.80895392 "#VALUE!" 2.709747079 3.247980021 1.74513351 10.52890296 8.274713173 92.16651858 -2.601446817 2.323988321 85.98046728 1.178395011 5.001131141 2.095835805
"13" "2011-01" "Actual" -0.813205678 0.75197982 4.853168908 7.929365239 9.275999359 4.899132973 0.491149145 2.113423278 4.184827955 5.422691972 4.871944023 3.785634819 13213.72495 126.5423663 163.4451083 28.37003674 "#VALUE!" 3.880022039 3.93386245 2.246757007 9.958937563 6.183011713 82.25361565 -5.164447622 0.093794003 78.89878935 2.782812909 6.972273031 1.554493425
"14" "2011-02" "Actual" -1.5 0.2 5 8.2 9 4.3 0.1 2.1 3.5 5.4 4.8 3.3 13908.5 132.7 171.7 29.4 "Actual" 3.4 3.7 1.418 9.8 6.2 86.4 -6.1 -0.1 82.8 2.4 7 1.605
"15" "2011-03" "Actual" -0.60064026 0.504132699 5.398932673 8.68944708 10.17270601 5.491316664 1.011173981 2.821472571 3.965192479 5.702233067 5.960476872 4.340819252 14604.36178 139.9450745 180.3602833 31.63045775 "#VALUE!" 3.663598556 4.827078821 1.619268305 11.17972146 6.959739437 91.17320554 -6.317061752 0.733886769 87.83887485 3.192262575 8.019840235 1.714097187
"16" "2011-04" "Actual" 3.287454884 6.050441985 0.371659178 3.948350586 8.799038139 4.639307315 0.822955968 2.247669546 3.97724209 4.990915922 4.585617577 3.750121912 13151.55293 126.5727037 164.9228324 22.02853808 "#VALUE!" 0.418189422 4.021161978 2.22433057 6.798741146 5.300675075 81.34088201 -0.841037458 -0.329672408 76.85884824 1.288459026 5.313618695 1.533093245
"17" "2011-05" "Actual" 2.9 6 -0.6 3.5 9.1 4.6 0 1.8 3.3 5.1 4.7 3.3 13843.5 132.2 173.4 22.7 "Actual" 0 3.2 1.452 6.5 5.4 85.3 -1.9 -0.7 80.6 0.6 4.6 1.607
"18" "2011-06" "Actual" 3.957816031 6.786055896 -0.39110022 4.175065476 10.47977799 5.631979526 0.907259125 2.468925801 3.826746982 5.491458264 5.686508315 3.765926199 14535.87675 139.6098948 182.1557216 24.7085298 "#VALUE!" 0.522724898 3.421273879 2.478939161 6.878034537 6.135148114 90.31115037 -1.861190444 -0.565021478 85.12035186 1.069732702 5.315275717 2.682562036
"19" "2011-07" "Actual" 1.091714568 3.458377825 2.741525272 4.620109414 8.746240448 3.175172 0.089954819 1.678180795 2.746088435 5.564726896 4.741104798 3.709395114 11093.16772 126.1792611 163.5470906 46.23562151 "#VALUE!" 0.676130946 1.330898152 1.605043712 5.546434623 5.503151994 83.03255208 9.862310229 0.379924481 73.80440796 2.364074937 4.118238091 2.13358844
"20" "2011-08" "Actual" 0.8 3.3 2.1 4.3 9 2.6 0 1.1 2.5 4.9 4.3 3.3 11676.5 132.8 172.1 48 "Actual" 0 1.3 1.345 5.4 5.3 87.3 10.1 0.3 77 1.5 3.5 1.562
"21" "2011-09" "Actual" 1.07738424 3.472433845 2.929041308 5.417155424 9.520363729 3.600401739 0.718601272 1.966063157 3.521501234 5.610254307 5.068539336 4.168376594 12260.37889 139.7478516 181.7005351 50.99115763 "#VALUE!" 0.832302675 1.600276486 2.146640025 6.655918895 5.993924967 91.88155905 11.36867265 0.686559829 81.78568017 2.06992921 4.249525772 2.171166543
"22" "2011-10" "Actual" 4.910508592 5.285586026 0.372960378 1.811013087 8.963889458 1.899099307 0.366636392 1.205264384 2.324062634 5.018777165 4.206017393 4.100307967 12369.08167 126.6272683 168.878304 43.33172279 "#VALUE!" -0.721221158 3.499330624 2.117248915 6.799318919 2.975948404 83.55329413 -0.127883748 0.261172099 74.04468434 1.358084332 4.185660226 1.654264182
"23" "2011-11" "Actual" 4.6 5.2 0.2 1.6 8.6 1.8 0 1 2.1 5 4 3.3 13019.3 132.8 177.7 45.5 "Actual" -1.4 3.5 1.297 6.7 3 87.3 -0.6 -0.6 77 0.8 3.4 1.554
"24" "2011-12" "Actual" 5.624282949 5.583812087 1.14585901 1.733992231 9.755440032 2.470797232 0.331342704 1.838975137 2.957153614 5.637926508 4.234689325 4.091520152 13670.29822 139.4877561 187.4676985 47.92805133 "#VALUE!" -0.673522054 4.548055241 1.540193413 7.694744456 3.529175833 92.51494547 0.222860559 -0.24657096 81.47273225 1.636386664 4.518465796 1.631841868
"25" "2012-01" "Actual" 3.542806447 5.598548655 6.653396367 9.341551741 8.578298105 3.181433736 0.561457812 1.553125433 2.292137285 5.385181435 3.802329228 3.510329008 13897.12434 128.5214564 171.0550346 22.52704403 "#VALUE!" -0.509768079 3.556422632 1.928944978 7.497617516 3.267789714 81.89491464 5.106626914 2.772058561 78.83650663 3.090584277 2.378049137 2.302050473
"26" "2012-02" "Actual" 2.7 4.9 6.7 9.2 8.3 2.3 0.1 0.9 2.1 4.7 3.9 3.3 14627.5 134.3 179.8 23 "Actual" -0.6 2.8 1.333 7.4 3.2 86.2 4.6 2.2 82.4 2.6 2.3 1.599
"27" "2012-03" "Actual" 3.318434588 5.204695411 7.442312427 9.807712593 9.021693086 2.649469193 0.981693535 1.447804386 2.733877003 5.412035973 4.573268716 3.97092155 15359.37851 141.802311 188.8055258 24.24758755 "#VALUE!" -0.566286375 3.88302131 2.195485447 8.221590335 3.667975044 90.7600272 5.172524847 3.177321385 86.55509197 3.639819594 2.588833037 1.693375989
"28" "2012-04" "Actual" 2.016218716 3.719416834 3.100024144 4.736319058 8.485462928 1.245638046 0.624807805 1.367792723 2.144790825 4.732824565 4.267034537 3.528734741 13395.31749 131.2218703 172.5590056 26.02534619 "#VALUE!" -1.294961526 2.807325874 1.596148973 5.676828825 4.008568648 83.9588581 -2.19628762 -0.942614872 75.82849417 0.535765352 2.282327189 2.305998554
"29" "2012-05" "Actual" 1.9 3.8 3.1 4.4 8.2 0.8 0.1 0.8 1.8 4.5 3.8 3.3 14100.2 137.6 180.8 26.7 "Actual" -1.4 2.3 1.267 5.9 3.9 88 -2.4 -1.4 79.8 -0.4 1.9 1.569
"30" "2012-06" "Actual" 2.014328333 4.12193401 3.263733761 5.059112547 9.609906773 1.409759448 0.792233514 1.317048778 2.66050106 5.267377308 4.052943005 4.331241893 14805.85678 145.2916831 190.5208169 28.38114243 "#VALUE!" -1.234997386 2.439681675 2.129025125 6.414778849 4.853205659 92.44569067 -2.1487574 -0.620476544 84.18350419 0.323436564 2.883262474 1.90107015
"31" "2012-07" "Actual" 0.927574579 2.823753892 -0.097958192 1.927548221 8.173100574 1.89872639 0.793505914 1.018804904 1.894658242 4.605738744 4.144122175 3.753000368 14149.98554 133.7941588 178.00691 20.28006261 "#VALUE!" -0.324642445 1.687538689 1.409614855 6.48850476 2.4282631 82.70998014 -0.470254297 -1.120682953 74.9368145 5.059857756 2.767665374 1.895990743
"32" "2012-08" "Actual" 0.5 2.7 -0.2 1.1 8 1.8 0.1 0.7 1.6 4.2 3.6 3.3 14894.7 140.4 187.2 20.5 "Actual" -0.6 1.6 1.286 6.6 2.2 86.1 -1.5 -1.9 77.9 4.7 2.1 1.613
"33" "2012-09" "Actual" 1.094631623 3.474107256 0.449792759 1.412741479 8.516484384 2.172621303 1.095746117 0.956996182 2.67003803 5.395393531 4.15099305 3.892034569 15640.38586 147.9336541 197.4012082 21.570255 "#VALUE!" -0.077688875 1.8809532 2.19206261 7.1222313 2.979861745 90.58174256 -1.401703002 -1.222220409 82.01681053 4.984200155 2.773732008 1.830532008
"34" "2012-10" "Actual" 0.285297071 2.426967587 10.43386713 13.22630355 8.274352418 3.512579188 0.644671541 1.188388125 2.612314548 3.73878266 3.357951112 3.94606595 14093.31293 136.4410282 178.3880778 21.97853011 "#VALUE!" -1.524308844 2.344133595 1.792069842 7.361260473 4.24048437 82.64289891 1.601890505 0.67304368 83.15277636 -0.390903005 4.55260038 2.241040702
"35" "2012-11" "Actual" 0.1 1.7 10.9 13.3 7.8 2.7 0.1 0.7 1.7 3.9 3.4 3.3 14834.9 143.3 186.8 22.7 "Actual" -1.7 2.4 1.319 7.2 3.5 86 0.9 0.1 86.6 -0.6 4.2 1.626
"36" "2012-12" "Actual" 0.617765963 2.223447542 11.84583923 14.40415214 8.335093289 3.319230985 0.591702289 1.655404835 1.921854855 4.571436238 4.206469445 3.690313237 15577.50257 151.2912506 196.3757282 24.43486232 "#VALUE!" -1.55245556 2.859370644 2.376546129 7.571343923 4.237546008 90.5636004 1.337644432 1.021763125 91.45806958 -0.051690409 4.496118869 2.5562399
"37" "2013-01" "Actual" 2.973465166 4.51310009 -14.74054655 -13.71378366 7.52245728 2.293281484 0.584433012 0.933326791 2.496111962 4.741918187 4.078299872 3.893242626 15576.97179 140.5536703 180.5609218 18.41784342 "#VALUE!" -0.562628836 1.459497875 1.711255871 6.854917653 4.846624295 82.30991394 4.701308745 1.165359995 90.05083186 3.329514777 3.453320057 1.715006982
"38" "2013-02" "Actual" 2.8 4.4 -15.7 -14.5 7.7 1.6 0.1 0.8 1.9 4 3.5 3.3 16396.2 147 190 19 "Actual" -1.3 1.2 1.282 6.5 4.3 86.2 4.5 0.7 94.2 2.6 3 1.519
"39" "2013-03" "Actual" 3.69816375 5.04505972 -15.77404433 -15.17201447 8.967495883 1.965824158 0.36582985 1.460505999 2.307864134 4.422329872 4.175707136 4.136622133 17216.68592 154.5685362 200.4488735 20.04043924 "#VALUE!" -0.862721954 1.503861083 1.928571801 7.510498065 4.599959604 90.79594567 5.184424652 1.408539935 99.86895542 3.124031122 3.263808667 1.799931555
"40" "2013-04" "Actual" 1.162157175 2.129344667 2.326652661 3.204285211 7.749156792 0.353708553 0.221549335 1.408069035 1.939056984 4.51694174 4.142867419 3.497409437 15932.99013 143.887869 189.9525456 19.79315771 "#VALUE!" 1.813626646 0.821515036 1.299447397 6.773522367 3.823934404 83.70725597 3.841121849 0.815278591 94.70193686 2.65199577 2.370064649 2.397756077
"41" "2013-05" "Actual" 0.8 1.6 2.4 2.5 7.5 -0.5 0.1 0.9 2 4.1 3.7 3.3 16771.3 151 199.1 20.5 "Actual" 1.9 0.4 1.301 6.4 3 87.1 3.8 -0.1 99.2 2.2 1.5 1.521
"42" "2013-06" "Actual" 1.643308687 2.600474904 2.796471217 3.115086219 8.145270818 0.343029173 0.629886287 1.928384033 2.804358668 4.814578388 3.981865599 3.891688432 17610.45541 158.8265926 209.0597853 22.12102684 "#VALUE!" 2.086914882 0.65394036 2.218433097 7.153874614 3.414325517 92.12172416 4.623710485 0.003937639 104.1711193 3.014514974 1.585924008 2.397882271
"43" "2013-07" "Actual" 3.430342124 5.42399556 3.007519143 4.259528497 7.436906379 2.423152179 0.247296237 1.542599716 2.844218848 5.229760882 4.633552358 3.707086286 16832.50513 147.2956417 198.7650508 16.79250927 "#VALUE!" 1.344475565 2.208804274 1.289339339 7.354943376 3.728299089 82.68349702 3.353705409 2.625775617 93.84427497 3.859165177 2.878837649 2.515920624
"44" "2013-08" "Actual" 3.1 5.1 2.4 3.9 7.2 2.2 0 1.5 2.7 4.9 4.4 3.3 17718.3 154.7 208.4 17 "Actual" 1.4 1.3 1.354 7.7 3.7 86.5 3.1 2.7 98.3 3.4 2.1 1.618
"45" "2013-09" "Actual" 3.787774135 6.33517089 2.760222689 4.914480389 7.895468618 3.079600077 0.926187273 2.426504945 3.265455807 5.701273652 4.962802179 3.682665531 18605.19752 162.5766064 219.7324274 18.17220587 "#VALUE!" 1.623834788 1.572993109 1.936066322 8.401492937 4.139855833 91.82261279 3.411584351 2.888321956 103.6094416 3.958905208 2.808390128 1.752883045
"46" "2013-10" "Actual" 4.381291347 6.41500421 1.071465775 3.061196662 6.707282408 1.903913441 0.154919613 1.507131442 3.112588234 5.161895785 4.177281746 3.495887378 18442.66677 150.2731445 202.4130753 20.26711976 "#VALUE!" 1.371204449 0.566313491 1.641713539 6.434581015 4.672453454 81.60469912 0.143668661 3.02615657 100.6112167 2.671075252 2.380121795 1.893184528
"47" "2013-11" "Actual" 4 6.1 0.9 2.6 6.9 1.6 0.1 1.4 2.8 4.8 4.3 3.3 19413.2 157.9 212.2 20.3 "Actual" 1 0.3 1.378 6.7 4 85.8 0 2.6 105.3 2.1 1.7 1.657
"48" "2013-12" "Actual" 4.539269743 6.895714153 1.582546123 2.838599184 7.934806824 2.163078529 0.690394248 1.674508304 3.06064599 5.628801873 4.524896781 3.70586754 20384.64651 165.8637358 223.7659474 22.16368061 "#VALUE!" 1.671478252 1.171346257 1.761521824 7.941803945 5.150258254 90.31597689 0.751274205 2.785277153 110.570051 2.994076711 2.708642064 2.461702621
"49" "2014-01" "Actual" -0.701776076 1.621244214 4.770914662 6.339948167 6.480939532 2.7252013 0.033259607 1.528414005 3.234552265 4.7981661 4.834498441 3.663536653 18726.2219 152.2016252 200.9407428 20.40391816 "#VALUE!" 2.456703768 1.465887769 1.432339267 6.243378758 1.561080243 83.44457738 3.173497847 1.491365951 97.89010716 3.48330791 2.043796331 1.742361399
"50" "2014-02" "Actual" -0.9 0.7 4.3 6.5 6.7 2.6 0 1.6 2.8 4.6 4.4 3.3 19711.2 159.9 211 21.4 "Actual" 1.7 0.8 1.378 6 1.4 86.8 3.3 1.1 103 3.5 1.8 1.668
"51" "2014-03" "Actual" -0.042790522 1.433969741 5.19097219 7.289448944 7.499472835 3.687124085 0.025133779 1.900791675 3.717985077 5.375304884 4.730328745 4.399903523 20697.19011 168.2132012 222.1433284 22.68526167 "#VALUE!" 1.812040199 1.479960462 2.094699408 7.207624518 1.577379439 92.13764535 4.052548802 1.71309094 108.2135017 3.834416858 2.153550985 2.027610872
"52" "2014-04" "Actual" 4.954611821 7.376160846 5.526430166 7.173100748 6.500028011 1.82221024 0.236781983 1.761082479 3.368276107 4.580214084 4.684645957 3.909319153 19540.91521 153.6126469 208.8524487 17.07996471 "#VALUE!" 1.40555519 0.371790229 1.424095925 7.674428802 3.002414143 82.512092 -5.748028286 8.443430134 96.49851426 3.947901011 1.997121847 2.006797001
"53" "2014-05" "Actual" 4.6 7 5.3 7.1 6.2 1.9 0 1.7 2.7 4.3 4.2 3.3 20568.7 161 219.6 17 "Actual" 0.5 0 1.369 7.4 2.6 86.6 -6.6 8.2 101.3 3.5 1.4 1.711
"54" "2014-06" "Actual" 5.246066301 8.295366891 6.355163147 7.955085383 7.396332153 2.455279078 0.900233613 2.104848553 3.513532528 4.893938127 5.279193709 4.455963948 21597.14176 169.4439729 231.0580875 18.70996857 "#VALUE!" 1.507058495 0.711914835 1.486144226 8.008509228 3.386576153 91.56692776 -5.953305242 9.026449387 106.8144918 3.825760977 2.425058166 2.731052791
"55" "2014-07" "Actual" 4.974992713 6.997843053 4.8371259 6.054669699 6.088889062 1.502551046 0.438161418 2.499341267 2.718314597 4.023040663 4.272008323 3.267790095 19436.77368 154.9871496 212.2755163 16.41723628 "#VALUE!" 2.510488322 0.792610544 1.408767669 6.963370896 2.35810732 82.68782208 0.422250797 1.592786198 104.6010393 3.29892282 0.763263564 2.171343858
"56" "2014-08" "Actual" 5.2 7.1 4.2 5.5 6.1 1 0 1.7 2.5 4.2 4.1 3.3 20458.8 163.1 223.2 17 "Actual" 1.7 0.3 1.263 6.7 2.3 86.9 -0.2 1.6 109.7 3.1 0.8 1.622
"57" "2014-09" "Actual" 6.239790877 7.697756807 4.726066368 6.605878565 6.482150121 1.497370763 0.20526782 2.087328306 2.757801698 4.656753034 5.055926802 4.095640534 21482.13343 171.7965363 234.6264139 18.25731245 "#VALUE!" 2.027777995 1.069382782 1.992331342 7.799917701 2.695033096 91.90646766 -0.204249993 2.493647883 115.8332101 3.370802195 1.189475521 2.002788093
"58" "2014-10" "Actual" 1.97573478 3.38752535 6.566287173 6.021228435 5.483342827 -0.278423699 0.43135361 1.535414645 2.489259728 4.580379241 3.888725913 3.647536942 20354.31515 158.0929364 222.338559 25.95193379 "#VALUE!" 1.901700106 0.343955192 1.174708801 5.881135101 2.064666594 84.61053536 2.851234218 -0.448333951 114.8867158 3.218466944 0.302324261 2.289225314
"59" "2014-11" "Actual" 2 2.6 5.9 5.7 5.7 -0.7 0 1.6 2.3 4.2 4 3.3 21424.6 165.7 234 26.3 "Actual" 2 -0.4 1.21 5.7 1.2 88.1 2.8 -0.5 119.9 3.1 -0.4 1.558
"60" "2014-12" "Actual" 2.917814016 3.574649474 6.848479746 6.35567931 6.696844544 -0.45281252 0.80899165 2.070211239 3.011674752 5.197917477 4.323961292 4.306067434 22496.70024 174.0466611 246.3113552 28.46464836 "#VALUE!" 2.326254475 -0.147576046 1.761765103 6.621867008 1.299331666 93.00376801 3.537067832 0.274276777 126.5725971 3.910820564 -0.180012727 1.676090043
"61" "2015-01" "Actual" 3.270858606 3.81304213 4.55624279 2.922742928 5.504840749 -2.285576375 0.983986488 1.857517128 2.319984122 4.658826963 4.170289443 3.628347036 20623.13974 159.6972872 237.4755931 22.06885612 "#VALUE!" 3.145674071 -0.539257739 1.697775185 6.530417796 1.739633393 83.7510254 5.278979025 1.315820309 114.51114 1.412221563 -0.802281111 1.60954076
"62" "2015-02" "Actual" 3.2 3.2 4.3 2.6 5.6 -2.5 0 1.5 2 4 3.7 3.3 21707.6 168 249.4 22.4 "Actual" 3 -0.9 1.074 6.1 0.8 87.9 5.1 0.4 120 1.4 -1.3 1.485
"63" "2015-03" "Actual" 3.562515822 3.815509623 4.939665521 3.650677257 6.871307173 -2.378898147 0.028235608 2.133261807 2.468073432 5.159128514 4.444757671 4.304850367 22793.67173 176.6911058 262.1753096 23.87476442 "#VALUE!" 3.929668709 0.025007152 1.715489178 7.392334926 1.382580484 92.54994249 6.294391415 1.094426568 126.4958994 2.393561797 -0.630844624 1.884808371
"64" "2015-04" "Actual" 2.725764583 5.002310452 4.002571183 6.174969483 6.096716707 3.112980287 0.987133102 1.848527228 3.083121834 4.879153365 3.779775058 3.57559845 20550.13702 162.200459 238.7630487 18.80821711 "#VALUE!" 1.847815464 2.002446142 1.235110347 7.434258708 3.322648101 84.54988841 0.848364947 1.398426879 116.2878352 2.781469544 1.508291107 2.391197598
"65" "2015-05" "Actual" 2.7 5 3.8 5.6 5.4 2.4 0 1.5 2.2 4.2 3.8 3.3 21630.9 170.1 250.8 18.9 "Actual" 1.3 1.9 1.115 6.9 2.8 88.3 0.5 0.5 122.1 2.3 0.8 1.573
"66" "2015-06" "Actual" 3.824835877 5.947952035 4.767103379 6.850869969 6.404001916 2.77482716 0.805343147 2.513492867 2.37304729 5.204098668 4.218223001 3.474563451 22713.04664 179.5669817 264.0402629 20.80371422 "#VALUE!" 1.609066448 2.756878512 1.444446584 7.846849955 3.288000443 93.36450268 1.018234446 1.275265597 128.7904149 3.181737512 1.095494101 2.016708342
"67" "2015-07" "Actual" 1.896166492 3.698400366 1.959551484 3.987504498 5.037567225 1.644502987 0.985350882 2.148625082 2.460652155 4.458388085 4.038100311 3.844579261 18961.8091 164.5026241 244.4219461 38.71597478 "#VALUE!" 2.038326945 0.061014983 1.10199641 6.984881466 3.129573996 86.91331919 0.45414044 0.53679671 114.0641574 2.395215549 0.770529121 1.51832855
"68" "2015-08" "Actual" 1.6 3 1.8 3.2 5.1 1.5 0 1.6 2.3 4.5 4 3.3 19959.3 172.4 257.2 40.7 "Actual" 1.7 -0.2 1.116 6.5 2.7 90.9 0.3 0.1 119.8 1.7 0.8 1.512
"69" "2015-09" "Actual" 2.610097242 4.067420066 2.31718836 3.85106467 6.113317574 2.379712454 0.924602043 2.557155049 2.702843093 5.22273949 4.80861305 3.83227504 20957.38235 181.8629853 270.9344443 43.10661451 "#VALUE!" 2.28515074 0.475591399 1.762621847 7.796128108 3.057397485 95.94002723 0.47596078 0.673619124 126.5163983 2.269839218 1.755997274 1.660056077
"70" "2015-10" "Actual" 1.458736092 1.690050992 3.185280407 3.454980578 5.449398173 1.183809421 0.720949189 2.508912343 2.415775035 4.477384435 3.911267087 3.674512423 20046.76805 166.9538705 241.7080817 23.58369441 "#VALUE!" 2.779295529 0.756800768 1.489780106 5.562837882 1.50424388 88.32877666 -0.566351601 0.103147075 115.1084436 3.483609848 0.103476761 1.465802483
"71" "2015-11" "Actual" 0.5 1.3 2.9 3.1 5 0.4 0.1 1.6 2.2 4.6 3.9 3.3 21100.9 174.9 254.4 24.4 "Actual" 1.9 -0.1 1.086 5.4 1.5 92.2 -0.9 -0.4 120.3 2.9 0 1.475
"72" "2015-12" "Actual" 1.472797835 1.731098991 3.752181654 4.147276602 5.794848987 0.934410183 1.076813696 1.871769209 2.353582626 5.613215557 4.6467255 3.511578091 22155.9946 183.9600665 267.2801693 26.18722331 "#VALUE!" 2.208269144 0.324324114 2.041494384 6.100018634 2.344165775 97.04445892 -0.447906207 0.056100432 126.9659097 3.849143041 0.71060619 2.331042862
"73" "2016-01" "Actual" 0.904623232 1.354729943 0.625286513 1.393590029 5.595576297 0.646984684 1.208483354 1.586758823 2.119604805 5.252130342 4.219625649 3.429521772 20121.09731 168.8530613 232.8658812 26.91838791 "#VALUE!" 2.61422088 -0.438083774 1.190354552 7.103914815 2.749256558 87.21242231 2.695468071 0.773703247 107.1735609 1.467509062 0.061368001 2.337330366
"74" "2016-02" "Actual" 0.6 0.8 0.2 0.9 4.9 0.1 0.3 1.4 2 4.6 3.7 3.5 21179.4 177.2 244.6 28.1 "Actual" 2 -1.3 1.139 6.6 2.8 91.7 2.2 0 112.4 0.8 -0.1 1.438
"75" "2016-03" "Actual" 1.610957199 0.991050531 0.261222551 1.015953341 5.553161373 0.660427473 0.919997886 1.772876408 2.227627582 5.459652278 4.415155809 4.609293384 22238.38335 186.0979431 256.929274 29.79794328 "#VALUE!" 3.012762925 -0.921503805 1.295033115 7.373501186 3.640709022 97.18934482 2.737111384 0.354732345 118.8309377 1.635914345 0.727268335 1.668059685
"76" "2016-04" "Actual" 2.271894024 4.734186455 2.035002571 4.531853589 4.745955958 2.411210274 1.210869139 2.129143213 2.13748142 4.378496318 4.284069335 4.131571419 20540.98298 170.5530351 236.2329534 25.27959455 "#VALUE!" 1.985110024 1.575140465 1.652261463 7.004709373 2.663773418 89.56316563 2.075284555 -1.001900531 97.81399836 2.802914713 0.771657306 1.688828448
"77" "2016-05" "Actual" 2.2 4.7 1.9 4 4.9 2.3 0.3 1.3 1.8 4.1 3.6 3.5 21621.5 179.3 248.1 25.8 "Actual" 1.4 1.2 1.103 6.6 2.8 94 1.6 -1.1 102.8 1.9 0.7 1.324
"78" "2016-06" "Actual" 3.011231244 5.178917562 2.604113669 4.491659165 5.866099608 2.590797653 0.916845246 2.186513175 1.894666404 4.848422259 3.795278032 4.369101713 22703.35045 188.4777745 260.7596289 27.84613828 "#VALUE!" 1.621650381 1.945204603 1.255165208 7.459265411 3.632046403 98.80665486 1.962538932 -0.884396069 108.3725237 2.960680109 1.053636743 1.977109375
"79" "2016-07" "Actual" 3.132493519 4.007570323 0.894369884 3.139017331 5.314106014 2.35129999 0.679200455 1.158792732 2.286386119 4.201749713 3.575639439 3.906623103 21346.16573 172.7886532 252.9575462 18.08308504 "#VALUE!" 2.303397608 1.806765781 1.966954143 5.893455602 1.905605145 89.00749821 0.970571277 0.426080801 97.03364715 3.052008612 2.310098289 1.687813272
"80" "2016-08" "Actual" 2.8 4.2 0.7 2.5 4.9 1.8 0.3 1.2 1.6 3.7 3.4 3.5 22468.6 181.6 265.8 18.1 "Actual" 1.6 1.2 1.124 6.1 1.2 93.6 0.9 -0.5 101.2 2.2 2.2 1.302
"81" "2016-09" "Actual" 3.754182076 4.842472338 1.496334798 3.330049312 5.560890142 2.204160571 1.192682001 1.919918322 1.715095495 4.401875168 3.895159317 3.827287359 23592.17599 190.707023 279.9049709 19.39564055 "#VALUE!" 2.095434584 1.812282828 1.218736983 6.719272907 1.602713927 98.92435651 1.232386164 -0.000561951 106.292784 2.807313939 2.350334477 1.849404467
"82" "2016-10" "Actual" 2.506000986 3.643732165 -1.514257376 0.95544523 5.268901873 3.38921722 0.439366844 1.990821627 2.781249347 4.793798484 3.800476433 4.026123119 22113.04606 175.4971 255.0844399 21.60412577 "#VALUE!" 3.337025676 2.580829136 1.738885153 5.416868906 2.506898951 92.68951366 1.377915252 3.229080383 111.4846026 3.652139032 2.269330514 2.158074952
"83" "2016-11" "Actual" 1.8 3.8 -1.8 0.1 4.7 3 0.4 1.7 2.2 4.1 3.8 3.5 23276.7 184.1 268.5 22.5 "Actual" 2.7 1.8 1.055 5.7 2.3 97.5 1.4 3 116.8 3 2 1.234
"84" "2016-12" "Actual" 2.395673719 4.08268817 -1.283756528 0.732854773 5.265090235 3.859247137 1.063289078 1.861735863 2.401184694 5.09974691 4.598749055 4.332803678 24440.66325 193.5789213 282.1662888 23.92170131 "#VALUE!" 3.363921707 2.850777509 1.516193222 6.771303172 2.517510091 103.0673285 2.391549619 3.195549893 123.487283 3.772251197 2.821040945 1.339034534
"85" "2017-01" "Actual" 1.29558187 4.113891623 3.336040291 4.983582795 5.341949144 3.155067374 0.718430783 2.583521567 2.733807487 4.067117448 4.027977504 3.762843171 23283.83871 177.8011172 250.1666766 13.24165255 "#VALUE!" 2.538844664 3.460520682 1.231985973 7.134418809 0.723382419 91.33187279 1.48975479 0.499024006 105.8431501 1.229274367 3.908110653 2.189316955
"86" "2017-02" "Actual" 1.2 3.3 2.9 5.2 4.7 3.1 0.6 2 2.5 4.2 4.2 3.8 24508.3 187.1 262.3 13.1 "Actual" 2.5 2.8 1.07 6.7 0.6 95.2 1.5 -0.1 111.4 1.2 3.7 1.254
"87" "2017-03" "Actual" 2.062023537 3.812899197 3.963522573 5.506538332 5.776569406 4.096445077 1.548144802 2.563071939 3.125763452 5.002585569 5.335220712 4.862451734 25734.0432 196.4821454 276.141098 14.51618732 "#VALUE!" 2.996027301 3.615319342 2.100735447 7.313620361 0.845402019 100.8097417 2.491830048 -0.046744387 117.6771373 1.79140144 4.105393691 2.152951243
"88" "2017-04" "Actual" 3.65825661 4.691208491 3.10234444 2.895520061 4.794690209 0.470929544 1.751145137 2.387714557 2.436724951 4.684375633 4.137030727 4.213618243 23868.76281 181.094375 258.9371062 15.35962801 "#VALUE!" 3.508184773 0.599764122 1.575496357 6.135718542 1.98331112 90.29725351 3.753718348 -0.487737692 107.3664041 2.071001875 3.050622444 2.024620034
"89" "2017-05" "Actual" 3.1 4.1 2.7 3 4.3 -0.3 0.9 1.8 2.3 4 4 4 25125 190 272.1 16 "Actual" 2.9 0.2 1.141 6 2 94.5 2.9 -0.8 112.4 1.2 3 1.3
"90" "2017-06" "Actual" 3.60533424 4.668398086 3.247962655 4.056164682 4.991946305 -0.130688318 1.598439212 2.449213095 3.367690266 5.163288122 4.578240445 5.193802583 26381.80721 200.0671435 286.6532708 17.7476037 "#VALUE!" 3.893083662 0.930475829 1.78977288 6.583550426 2.183663816 99.4130209 3.915058999 -0.363084725 118.4882132 1.276089748 3.59243028 1.606755379
"91" "2017-07" "Actual" 3.745485645 5.953463795 0.933678533 2.851084536 4.857641611 2.095075913 1.511071944 2.227703836 2.81289705 3.876673621 4.231935019 4.43869638 24842.03505 183.9211646 262.2087565 16.07692258 "#VALUE!" 2.999897112 1.838123411 1.544773845 6.773107907 2.949642417 89.42636778 3.11201793 0.740524291 107.5995575 1.75023508 3.113307641 1.285202804
"92" "2017-08" "Actual" 3.2 5.3 0.5 2.1 4.3 2 1 1.8 2.3 3.9 3.9 4.3 26148.5 193.2 275.2 16 "Actual" 2.9 1 1.181 6.6 2.4 93.5 2.5 0.4 112.6 1.6 2.4 1.34
"93" "2017-09" "Actual" 4.248291869 6.432530519 1.119873768 2.228930695 4.865665825 2.74695585 1.129870478 1.968231813 2.503245611 4.699688213 4.282617101 4.823387033 27456.52291 203.6417455 289.6338349 17.24522846 "#VALUE!" 3.833060809 1.866727203 1.509273458 7.861913894 2.601234864 98.6538232 3.145311398 1.156512253 118.7135858 2.506788774 3.402255427 1.442790427
"94" "2017-10" "Actual" 3.096253341 5.563026297 2.11543885 5.762379955 4.431076711 3.988685911 1.325088598 2.830279912 2.598073001 4.582555398 4.226090293 4.397953458 26289.79716 185.3048047 265.6540156 13.27538376 "#VALUE!" 2.786600564 1.797479203 1.36151138 5.910805862 3.055205586 87.21789974 2.350302314 1.433272433 107.7632507 2.148724583 3.071102741 1.369551273
"95" "2017-11" "Actual" 2.7 5 1.9 5.6 4.1 3.7 1.2 2.1 2.4 4 3.9 4.3 27673.2 194.4 278.7 13.1 "Actual" 2.3 1.7 1.202 5.9 2.6 91 1.8 0.9 112.7 1.4 2.9 1.353
"96" "2017-12" "Actual" 3.620468193 5.416166126 2.293225965 6.725083541 4.86382936 4.104554188 1.767866597 2.379306215 3.435518253 4.961923097 4.122145394 5.273971469 29057.43116 204.1307383 293.5083151 13.80215534 "#VALUE!" 2.597712051 1.860109588 1.535982495 7.180649734 3.213909358 95.76831517 1.981090854 1.605644348 119.2135843 2.052367932 3.450898089 1.721495939
